-20.937000  0.000000  -20.836400  0.000000  -20.937000  0.000000  
-20.836400  0.000000  -20.635100  0.000000  -20.836400  0.000000  
-20.735700  0.000000  -20.433900  0.000000  -20.735700  0.000000  
-20.635100  0.000000  -20.232600  0.000000  -20.635100  0.000000  
-20.534500  0.000000  -20.031300  0.000000  -20.534500  0.000000  
-20.433900  0.000000  -19.830100  0.000000  -20.433900  0.000000  
-20.333200  0.000000  -19.628800  0.000000  -20.333200  0.000000  
-20.232600  0.000000  -19.427600  0.000000  -20.232600  0.000000  
-20.132000  0.000000  -19.226300  0.000000  -20.132000  0.000000  
-20.031300  0.000000  -19.025100  0.000000  -20.031300  0.000000  
-19.930700  0.000000  -18.823800  0.000000  -19.930700  0.000000  
-19.830100  0.000000  -18.622500  0.000000  -19.830100  0.000000  
-19.729500  0.000000  -18.421300  0.000000  -19.729500  0.000000  
-19.628800  0.000000  -18.220000  0.000000  -19.628800  0.000000  
-19.528200  0.000000  -18.018800  0.000000  -19.528200  0.000000  
-19.427600  0.000000  -17.817500  0.000000  -19.427600  0.000000  
-19.326900  0.000000  -17.616300  0.000000  -19.326900  0.000000  
-19.226300  0.000000  -17.415000  0.000000  -19.226300  0.000000  
-19.125700  0.000000  -17.213700  0.000000  -19.125700  0.000000  
-19.025100  0.000000  -17.012500  0.000000  -19.025100  0.000000  
-18.924400  1.216800  -16.811200  0.000000  -18.924400  0.116000  
-18.823800  57.294900  -16.610000  0.000000  -18.823800  5.203500  
-18.723200  99.926300  -16.408700  0.000000  -18.723200  8.409100  
-18.622500  34.195000  -16.207500  0.000000  -18.622500  2.658400  
-18.521900  45.941000  -16.006200  0.000000  -18.521900  3.163800  
-18.421300  46.148000  -15.804900  0.000000  -18.421300  2.815200  
-18.320700  31.865700  -15.603700  0.000000  -18.320700  1.709100  
-18.220000  0.000000  -15.402400  0.000000  -18.220000  0.000000  
-18.119400  0.000000  -15.201200  0.000000  -18.119400  0.000000  
-18.018800  0.000000  -14.999900  0.000000  -18.018800  0.000000  
-17.918100  0.000000  -14.798700  0.000000  -17.918100  0.000000  
-17.817500  0.000000  -14.597400  0.000000  -17.817500  0.000000  
-17.716900  0.000000  -14.396100  0.000000  -17.716900  0.000000  
-17.616300  0.000000  -14.194900  0.000000  -17.616300  0.000000  
-17.515600  0.000000  -13.993600  0.000000  -17.515600  0.000000  
-17.415000  0.000000  -13.792400  0.000000  -17.415000  0.000000  
-17.314400  0.000000  -13.591100  0.000000  -17.314400  0.000000  
-17.213700  0.000000  -13.389900  0.000000  -17.213700  0.000000  
-17.113100  0.000000  -13.188600  0.000000  -17.113100  0.000000  
-17.012500  0.000000  -12.987300  0.000000  -17.012500  0.000000  
-16.911900  0.000000  -12.786100  0.000000  -16.911900  0.000000  
-16.811200  0.000000  -12.584800  0.000000  -16.811200  0.000000  
-16.710600  0.000000  -12.383600  0.000000  -16.710600  0.000000  
-16.610000  0.000000  -12.182300  0.000000  -16.610000  0.000000  
-16.509300  0.000000  -11.981100  0.000000  -16.509300  0.000000  
-16.408700  0.000000  -11.779800  0.000000  -16.408700  0.000000  
-16.308100  0.000000  -11.578500  0.000000  -16.308100  0.000000  
-16.207500  0.000000  -11.377300  0.000000  -16.207500  0.000000  
-16.106800  0.000000  -11.176000  0.000000  -16.106800  0.000000  
-16.006200  0.000000  -10.974800  0.000000  -16.006200  0.000000  
-15.905600  0.000000  -10.773500  0.000000  -15.905600  0.000000  
-15.804900  0.000000  -10.572300  0.000000  -15.804900  0.000000  
-15.704300  0.000000  -10.371000  0.000000  -15.704300  0.000000  
-15.603700  0.000000  -10.169700  0.000000  -15.603700  0.000000  
-15.503100  0.000000  -9.968530  0.000000  -15.503100  0.000000  
-15.402400  0.000000  -9.767230  0.000000  -15.402400  0.000000  
-15.301800  0.000000  -9.566030  0.000000  -15.301800  0.000000  
-15.201200  0.000000  -9.364730  0.000000  -15.201200  0.000000  
-15.100500  0.000000  -9.163530  0.000000  -15.100500  0.000000  
-14.999900  0.000000  -8.962230  0.000000  -14.999900  0.000000  
-14.899300  0.000000  -8.760930  0.000000  -14.899300  0.000000  
-14.798700  0.000000  -8.559730  0.000000  -14.798700  0.000000  
-14.698000  0.000000  -8.358430  0.000000  -14.698000  0.000000  
-14.597400  0.000000  -8.157230  0.000000  -14.597400  0.000000  
-14.496800  0.000000  -7.955930  0.000000  -14.496800  0.000000  
-14.396100  0.000000  -7.754730  0.000000  -14.396100  0.000000  
-14.295500  0.000000  -7.553430  0.000000  -14.295500  0.000000  
-14.194900  0.000000  -7.352130  0.000000  -14.194900  0.000000  
-14.094300  0.000000  -7.150930  0.000000  -14.094300  0.000000  
-13.993600  0.000000  -6.949630  0.000000  -13.993600  0.000000  
-13.893000  0.000000  -6.748430  0.000000  -13.893000  0.000000  
-13.792400  0.000000  -6.547130  0.000000  -13.792400  0.000000  
-13.691700  0.000000  -6.345930  0.000000  -13.691700  0.000000  
-13.591100  0.000000  -6.144630  0.000000  -13.591100  0.000000  
-13.490500  0.000000  -5.943330  0.000000  -13.490500  0.000000  
-13.389900  0.000000  -5.742130  0.000000  -13.389900  0.000000  
-13.289200  0.000000  -5.540830  0.000000  -13.289200  0.000000  
-13.188600  0.000000  -5.339630  0.000000  -13.188600  0.000000  
-13.088000  0.000000  -5.138330  0.000000  -13.088000  0.000000  
-12.987300  0.000000  -4.937130  0.000000  -12.987300  0.000000  
-12.886700  0.000000  -4.735830  0.000000  -12.886700  0.000000  
-12.786100  0.000000  -4.534530  0.000000  -12.786100  0.000000  
-12.685500  0.000000  -4.333330  0.000000  -12.685500  0.000000  
-12.584800  0.000000  -4.132030  0.000000  -12.584800  0.000000  
-12.484200  0.000000  -3.930830  0.000000  -12.484200  0.000000  
-12.383600  0.000000  -3.729530  0.000000  -12.383600  0.000000  
-12.282900  0.000000  -3.528330  0.000000  -12.282900  0.000000  
-12.182300  0.000000  -3.327030  0.000000  -12.182300  0.000000  
-12.081700  0.000000  -3.125730  0.000000  -12.081700  0.000000  
-11.981100  0.000000  -2.924530  0.000000  -11.981100  0.000000  
-11.880400  0.000000  -2.723230  0.000000  -11.880400  0.000000  
-11.779800  0.000000  -2.522030  0.000000  -11.779800  0.000000  
-11.679200  0.000000  -2.320730  0.000000  -11.679200  0.000000  
-11.578500  0.000000  -2.119530  0.000000  -11.578500  0.000000  
-11.477900  0.000000  -1.918230  0.000000  -11.477900  0.000000  
-11.377300  0.000000  -1.716930  0.000000  -11.377300  0.000000  
-11.276700  0.000000  -1.515730  0.000000  -11.276700  0.000000  
-11.176000  0.000000  -1.314430  0.000000  -11.176000  0.000000  
-11.075400  0.000000  -1.113230  0.000000  -11.075400  0.000000  
-10.974800  0.000000  -0.911929  0.000000  -10.974800  0.000000  
-10.874100  0.000000  -0.710729  0.000000  -10.874100  0.000000  
-10.773500  0.000000  -0.509429  0.000000  -10.773500  0.000000  
-10.672900  0.000000  -0.308129  0.000000  -10.672900  0.000000  
-10.572300  0.000000  -0.106929  0.000000  -10.572300  0.000000  
-10.471600  0.000000  0.094371  0.000000  -10.471600  0.000000  
-10.371000  0.000000  0.295571  0.000000  -10.371000  0.000000  
-10.270400  0.000000  0.496871  0.000000  -10.270400  0.000000  
-10.169700  0.000000  0.698071  0.000000  -10.169700  0.000000  
-10.069100  0.000000  0.899371  0.000000  -10.069100  0.000000  
-9.968530  0.000000  1.100670  0.000000  -9.968530  0.000000  
-9.867930  0.000000  1.301870  0.000000  -9.867930  0.000000  
-9.767230  0.000000  1.503170  0.000000  -9.767230  0.000000  
-9.666630  0.000000  1.704370  0.000000  -9.666630  0.000000  
-9.566030  0.000000  1.905670  0.000000  -9.566030  0.000000  
-9.465330  0.000000  2.106870  0.000000  -9.465330  0.000000  
-9.364730  0.000000  2.308170  0.000000  -9.364730  0.000000  
-9.264130  0.000000  2.509470  0.000000  -9.264130  0.000000  
-9.163530  0.000000  2.710670  0.000000  -9.163530  0.000000  
-9.062830  0.000000  2.911970  0.000000  -9.062830  0.000000  
-8.962230  0.000000  3.113170  0.000000  -8.962230  0.000000  
-8.861630  0.000000  3.314470  0.000000  -8.861630  0.000000  
-8.760930  0.000000  3.515670  0.000000  -8.760930  0.000000  
-8.660330  0.000000  3.716970  0.000000  -8.660330  0.000000  
-8.559730  0.000000  3.918270  0.000000  -8.559730  0.000000  
-8.459130  0.000000  4.119470  0.000000  -8.459130  0.000000  
-8.358430  0.000000  4.320770  0.000000  -8.358430  0.000000  
-8.257830  0.000000  4.521970  0.000000  -8.257830  0.000000  
-8.157230  0.000000  4.723270  0.000000  -8.157230  0.000000  
-8.056530  0.000000  4.924470  0.000000  -8.056530  0.000000  
-7.955930  0.000000  5.125770  0.000000  -7.955930  0.000000  
-7.855330  0.000000  5.327070  0.000000  -7.855330  0.000000  
-7.754730  0.000000  5.528270  0.000000  -7.754730  0.000000  
-7.654030  0.000000  5.729570  0.000000  -7.654030  0.000000  
-7.553430  0.000000  5.930770  0.000000  -7.553430  0.000000  
-7.452830  0.000000  6.132070  0.000000  -7.452830  0.000000  
-7.352130  0.000000  6.333270  0.000000  -7.352130  0.000000  
-7.251530  0.000000  6.534570  0.000000  -7.251530  0.000000  
-7.150930  0.000000  6.735870  0.000000  -7.150930  0.000000  
-7.050330  0.000000  6.937070  0.000000  -7.050330  0.000000  
-6.949630  0.000000  7.138370  0.000000  -6.949630  0.000000  
-6.849030  14.467900  7.339570  0.000000  -6.849030  6.646600  
-6.748430  49.675400  7.540870  0.000000  -6.748430  22.567200  
-6.647730  161.573000  7.742070  0.000000  -6.647730  71.897000  
-6.547130  90.251300  7.943370  0.000000  -6.547130  40.777200  
-6.446530  51.456600  8.144670  0.000000  -6.446530  23.155200  
-6.345930  19.349900  8.345870  0.000000  -6.345930  8.439000  
-6.245230  18.130100  8.547170  0.000000  -6.245230  7.839100  
-6.144630  13.410300  8.748370  0.000000  -6.144630  5.749300  
-6.044030  30.461800  8.949670  0.000000  -6.044030  12.812900  
-5.943330  34.432000  9.150870  0.000000  -5.943330  14.359100  
-5.842730  14.848800  -20.937000  0.000000  -5.842730  6.154400  
-5.742130  26.092600  -20.735700  0.000000  -5.742130  10.947000  
-5.641530  29.778100  -20.534500  0.000000  -5.641530  12.439300  
-5.540830  21.478700  -20.333200  0.000000  -5.540830  8.953100  
-5.440230  16.158100  -20.132000  0.000000  -5.440230  6.886900  
-5.339630  47.912800  -19.930700  0.000000  -5.339630  20.906600  
-5.238930  58.345600  -19.729500  0.000000  -5.238930  25.829100  
-5.138330  52.915900  -19.528200  0.000000  -5.138330  23.257400  
-5.037730  95.088200  -19.326900  0.000000  -5.037730  41.516200  
-4.937130  49.030400  -19.125700  0.000000  -4.937130  21.207300  
-4.836430  48.882400  -18.924400  0.905600  -4.836430  20.690000  
-4.735830  36.866300  -18.723200  75.810900  -4.735830  16.711900  
-4.635230  21.481600  -18.521900  35.525100  -4.635230  10.027900  
-4.534530  10.999900  -18.320700  25.142100  -4.534530  5.572400  
-4.433930  11.781900  -18.119400  0.000000  -4.433930  7.086600  
-4.333330  13.100400  -17.918100  0.000000  -4.333330  8.309800  
-4.232730  22.293600  -17.716900  0.000000  -4.232730  15.507000  
-4.132030  39.294800  -17.515600  0.000000  -4.132030  29.827900  
-4.031430  145.175000  -17.314400  0.000000  -4.031430  114.350000  
-3.930830  96.521300  -17.113100  0.000000  -3.930830  77.598500  
-3.830130  71.131000  -16.911900  0.000000  -3.830130  56.271500  
-3.729530  54.107700  -16.710600  0.000000  -3.729530  44.974700  
-3.628930  120.257000  -16.509300  0.000000  -3.628930  100.536000  
-3.528330  240.256000  -16.308100  0.000000  -3.528330  209.415000  
-3.427630  133.648000  -16.106800  0.000000  -3.427630  118.370000  
-3.327030  152.044000  -15.905600  0.000000  -3.327030  135.797000  
-3.226430  181.234000  -15.704300  0.000000  -3.226430  164.805000  
-3.125730  177.366000  -15.503100  0.000000  -3.125730  163.768000  
-3.025130  113.530000  -15.301800  0.000000  -3.025130  106.257000  
-2.924530  291.590000  -15.100500  0.000000  -2.924530  272.397000  
-2.823930  134.036000  -14.899300  0.000000  -2.823930  125.640000  
-2.723230  26.564200  -14.698000  0.000000  -2.723230  23.004400  
-2.622630  30.026500  -14.496800  0.000000  -2.622630  24.064800  
-2.522030  50.796900  -14.295500  0.000000  -2.522030  38.356300  
-2.421330  67.346300  -14.094300  0.000000  -2.421330  49.299500  
-2.320730  30.320100  -13.893000  0.000000  -2.320730  21.820400  
-2.220130  115.946000  -13.691700  0.000000  -2.220130  76.601100  
-2.119530  30.468100  -13.490500  0.000000  -2.119530  20.356700  
-2.018830  55.443400  -13.289200  0.000000  -2.018830  35.866900  
-1.918230  32.152300  -13.088000  0.000000  -1.918230  19.733900  
-1.817630  43.786700  -12.886700  0.000000  -1.817630  26.671700  
-1.716930  50.723600  -12.685500  0.000000  -1.716930  30.421700  
-1.616330  31.505900  -12.484200  0.000000  -1.616330  18.764800  
-1.515730  33.293500  -12.282900  0.000000  -1.515730  21.638200  
-1.415130  27.469600  -12.081700  0.000000  -1.415130  17.510500  
-1.314430  20.795600  -11.880400  0.000000  -1.314430  12.748100  
-1.213830  17.417900  -11.679200  0.000000  -1.213830  10.883300  
-1.113230  24.441800  -11.477900  0.000000  -1.113230  15.545100  
-1.012530  26.116500  -11.276700  0.000000  -1.012530  16.805700  
-0.911929  20.438100  -11.075400  0.000000  -0.911929  13.211600  
-0.811329  46.467900  -10.874100  0.000000  -0.811329  29.900500  
-0.710729  118.896000  -10.672900  0.000000  -0.710729  76.612800  
-0.610029  56.665000  -10.471600  0.000000  -0.610029  35.822500  
-0.509429  44.328700  -10.270400  0.000000  -0.509429  28.039100  
-0.408829  40.325800  -10.069100  0.000000  -0.408829  25.511800  
-0.308129  16.475600  -9.867930  0.000000  -0.308129  10.432200  
-0.207529  11.745800  -9.666630  0.000000  -0.207529  7.474300  
-0.106929  5.893400  -9.465330  0.000000  -0.106929  3.771900  
-0.006329  0.000000  -9.264130  0.000000  -0.006329  0.000000  
0.094371  0.161500  -9.062830  0.000000  0.094371  0.094400  
0.194971  0.702000  -8.861630  0.000000  0.194971  0.416800  
0.295571  1.308400  -8.660330  0.000000  0.295571  0.750400  
0.396271  1.539500  -8.459130  0.000000  0.396271  0.856900  
0.496871  1.765600  -8.257830  0.000000  0.496871  0.957200  
0.597471  2.161300  -8.056530  0.000000  0.597471  1.147000  
0.698071  2.610500  -7.855330  0.000000  0.698071  1.362600  
0.798771  2.970700  -7.654030  0.000000  0.798771  1.519600  
0.899371  3.935500  -7.452830  0.000000  0.899371  1.947200  
0.999971  4.785000  -7.251530  0.000000  0.999971  2.319200  
1.100670  4.659100  -7.050330  0.000000  1.100670  2.226900  
1.201270  4.224700  -6.849030  4.823400  1.201270  1.991500  
1.301870  4.067800  -6.647730  56.832200  1.301870  1.879100  
1.402470  6.354900  -6.446530  18.549500  1.402470  2.850500  
1.503170  7.514200  -6.245230  6.498100  1.503170  3.273500  
1.603770  9.885800  -6.044030  11.205600  1.603770  4.219400  
1.704370  11.103800  -5.842730  5.466400  1.704370  4.637700  
1.805070  8.935200  -5.641530  10.667200  1.805070  3.580900  
1.905670  13.635100  -5.440230  5.703700  1.905670  5.347300  
2.006270  20.893200  -5.238930  18.870000  2.006270  7.966900  
2.106870  28.069400  -5.037730  31.960900  2.106870  10.670300  
2.207570  14.775400  -4.836430  16.455100  2.207570  5.503800  
2.308170  10.479500  -4.635230  6.027900  2.308170  3.787100  
2.408770  11.123100  -4.433930  1.530200  2.408770  3.955300  
2.509470  14.034900  -4.232730  0.622400  2.509470  4.904200  
2.610070  16.323500  -4.031430  1.193900  2.610070  5.631600  
2.710670  32.171000  -3.830130  2.168600  2.710670  11.111300  
2.811270  31.930000  -3.628930  4.549300  2.811270  10.207200  
2.911970  30.643400  -3.427630  1.040900  2.911970  9.645000  
3.012570  30.817000  -3.226430  0.865400  3.012570  9.358900  
3.113170  14.049900  -3.025130  0.535700  3.113170  4.154600  
3.213870  6.922800  -2.823930  1.771400  3.213870  2.063100  
3.314470  14.293900  -2.622630  3.098700  3.314470  3.966300  
3.415070  18.865400  -2.421330  9.579400  3.415070  5.321200  
3.515670  20.576300  -2.220130  26.122000  3.515670  5.917100  
3.616370  38.260400  -2.018830  10.020600  3.616370  11.734100  
3.716970  15.846800  -1.817630  11.646700  3.716970  4.910300  
3.817570  8.441500  -1.616330  8.894200  3.817570  2.609200  
3.918270  7.276700  -1.415130  5.033400  3.918270  2.355500  
4.018870  10.067000  -1.213830  3.290800  4.018870  3.365700  
4.119470  8.387400  -1.012530  5.982300  4.119470  2.825000  
4.220070  13.412800  -0.811329  9.843900  4.220070  4.570000  
4.320770  13.014700  -0.610029  11.908700  4.320770  4.490700  
4.421370  12.464400  -0.408829  9.412600  4.421370  4.329800  
4.521970  11.217300  -0.207529  2.850700  4.521970  3.924100  
4.622670  11.982900  -0.006329  0.000000  4.622670  4.251500  
4.723270  11.263300  0.194971  0.113600  4.723270  4.080500  
4.823870  18.816600  0.396271  0.292000  4.823870  6.935700  
4.924470  5.526400  0.597471  0.451000  4.924470  2.125100  
5.025170  14.262300  0.798771  0.661200  5.025170  5.593200  
5.125770  8.565700  0.999971  1.151500  5.125770  3.324300  
5.226370  9.519600  1.201270  1.052500  5.226370  3.645300  
5.327070  19.416800  1.402470  1.628800  5.327070  7.518200  
5.427670  11.399300  1.603770  2.357700  5.427670  4.354600  
5.528270  16.377600  1.805070  1.933400  5.528270  6.273200  
5.628870  17.568300  2.006270  4.104000  5.628870  6.652100  
5.729570  16.806700  2.207570  2.949700  5.729570  6.355500  
5.830170  17.243500  2.408770  1.768400  5.830170  6.506900  
5.930770  17.959100  2.610070  2.822500  5.930770  6.775000  
6.031470  14.550700  2.811270  5.970700  6.031470  5.511500  
6.132070  14.168800  3.012570  6.115400  6.132070  5.322300  
6.232670  14.600900  3.213870  1.386900  6.232670  5.490800  
6.333270  16.309700  3.415070  3.971300  6.333270  6.168000  
6.433970  18.002700  3.616370  7.569700  6.433970  6.825900  
6.534570  14.747100  3.817570  1.655400  6.534570  5.675800  
6.635170  13.333500  4.018870  1.412900  6.635170  5.174900  
6.735870  12.266900  4.220070  1.763400  6.735870  4.786100  
6.836470  11.664600  4.421370  1.519000  6.836470  4.578100  
6.937070  10.530700  4.622670  1.302800  6.937070  4.148700  
7.037670  8.405800  4.823870  2.502000  7.037670  3.375200  
7.138370  6.879700  5.025170  2.248600  7.138370  2.784600  
7.238970  0.021200  5.226370  1.114900  7.238970  0.008400  
7.339570  0.000000  5.427670  1.124000  7.339570  0.000000  
7.440270  0.000000  5.628870  1.651100  7.440270  0.000000  
7.540870  0.000000  5.830170  1.490000  7.540870  0.000000  
7.641470  0.000000  6.031470  1.210100  7.641470  0.000000  
7.742070  0.000000  6.232670  1.095600  7.742070  0.000000  
7.842770  0.000000  6.433970  1.288300  7.842770  0.000000  
7.943370  0.000000  6.635170  1.078900  7.943370  0.000000  
8.043970  0.000000  6.836470  1.029100  8.043970  0.000000  
8.144670  0.000000  7.037670  0.905100  8.144670  0.000000  
8.245270  0.000000  7.238970  0.003500  8.245270  0.000000  
8.345870  0.000000  7.440270  0.000000  8.345870  0.000000  
8.446470  0.000000  7.641470  0.000000  8.446470  0.000000  
8.547170  0.000000  7.842770  0.000000  8.547170  0.000000  
8.647770  0.000000  8.043970  0.000000  8.647770  0.000000  
8.748370  0.000000  8.245270  0.000000  8.748370  0.000000  
8.849070  0.000000  8.446470  0.000000  8.849070  0.000000  
8.949670  0.000000  8.647770  0.000000  8.949670  0.000000  
9.050270  0.000000  8.849070  0.000000  9.050270  0.000000  
9.150870  0.000000  9.050270  0.000000  9.150870  0.000000  
9.251570  0.000000  9.251570  0.000000  9.251570  0.000000  
